1325293247745290245
1541062934415060992
1533700903550976000
1052233534658625537
1262541831201423360
1545634783580917760
1404755179547676674
1260336731103977477
968171651253719040
1098604194125283328
1101805660323213312
1197049607030632448
941556432121425920
1569091301655871490
1250960267132801025
1520071682563534849
953267643439435776
1176641042780606472
1112699085364957188
1402653608844218368
1205704048864686080
1564224299153911808
1339474046514171907
1328986413434507264
1141944633234059264
1420351112046026752
1062739684470603776
1271712552079122437
1141206038164545536
254025274
1474219844291948546
1274532888411660290
1443960019834183680
1409015887407980544
1014076434367725569
954040637531217920
1208788282387001344
1245687383967711232
1321520118627643392
3271112718
1552844214752333824
1231955687812395010
1224014454901239808
975032157105135616
1093499536058679297
4875795840
1436162217951445035
1228840878518788096
1045628615486914560
1510877766937460738
1074129349790613505
47347913
764298390125490176
1106892318697615363
1207973130385231873
1411185969248698369
1260974423097524225
1046751526239141888
976330885359259648
1543549859403337728
1389233495164080131
823090493827518464
1165313833059045377
736399932773404672
1540699006665252864
1085170160787349505
1165737211565756416
1169363148635172864
1202171303479795712
1533564143923785728
953984566741446656
1545450076394311680
927109878589431808
927409940754399234
1180507692135149569
1447921142900137985
1057271496614105088
2946318728
3390751551
1271740773482901504
158715389
1034683102751162368
3177976021
1325433597210185731
1518146198292811776
1545786803999100930
1307146221551628288
1537378728270962688
1177580324932341760
1542373981377900544
1435468323064410115
1145258693027495936
822031932758237188
1297744203078709248
1319608140048953344
1285985842960363520
1541978373576355841
1567445520838447104
1005014669591961600
1154343300779802625
2171428088
314307224
1244753021445255168
1545281597108207616
1338168685056327681
956806200569442304
1484897088676642817
866174386528636928
1260215518767669249
1329035796439986176
1068792227076292608
1286707328994091008
1241258039178432512
939913484325732353
1048138547301998592
1541280663923355648
1327198991059017733
1020633367388155904
951148006811693056
1109824708592046080
734645887
1171811911848976385
1340523884374716418
1407603879026462722
1107769639730216960
1521684562123755523
1260772812056227841
1259753263110385664
1299744501746065408
1102241162780323840
745770842009657344
841850668969222144
1026013182538567680
948454531809001472
1032086201468051456
1217633680945860608
1344254339892748289
1543918230481543170
1262373197732704260
1482626930243665922
1140982093435961344
949983184954957824
1024213002126381056
801128022438838272
858555398806220800
1430137391419846656
1561800601981296642
1129775494637924352
1259770511308935168
1005470149661548544
1146601500753272833
1164894044025053189
1093944188142383104
815936134148542464
1526238370057568256
1227174508542345216
1407528958476783621
1538866810589573120
3527141772
954091276244197376
1134161067427295232
877205043396530177
1350406285242494977
851471160604729345
1294663320134283265
952731405309550592
997107027317899264
1117844956033376256
1327197534318575616
951405421608148997
1230841823192477696
1227454454905081856
1015573106230943744
1249025573650722816
1534504877980020736
1571409788839563266
942424021387431936
1248095100749545472
1318968891486265346
1160013945639358464
1044805080082460672
1426060880312115201
932979230232649729
1546106632890765313
1494948195272646657
1099539520259686400
1330114582770307076
947867263784251392
1198999942515191809
1435505735773798405
1148888917367590913
1133614442787115008
1074780731077910528
1124903298224361473
1224145422827937793
944987619753992193
1018146311361556481
1056583976280707072
1287061279962611713
808326655366135808
1112001400949497856
1337766210147024896
906707918459826177
1039526396169572357
1080924135201615872
1219202547526750209
1321281909868105730
3515418553
1541039586037870592
1046803796620279809
1227618775052120064
1264161232774283264
820162229370699778
1092103446335868928
1467519717418348544
1055051787487469568
1054411054090833920
1157709507343998976
1512084650411577352
1206113730393563137
1170740531992772608
1229103689505198081
1033953196027273217
1100694557853810688
784784930383376384
874464675013959681
1437736149464719366
1117758593955028992
1570692745920155650
770959712791597056
960139280197693440
1068206476131352576
1003316095112044544
909362299135127553
1556657092362383366
