1605267249165926400
954040637531217920
841850668969222144
1607995521779781633
1141944633234059264
1339474046514171907
1520071682563534849
1250960267132801025
1402653608844218368
1117758593955028992
1564224299153911808
1285985842960363520
1231955687812395010
1914219750
1484897088676642817
1062739684470603776
1033953196027273217
1543549859403337728
808326655366135808
1327197534318575616
1024213002126381056
1570692745920155650
815936134148542464
1026013182538567680
1436162217951445035
1260974423097524225
3177976021
997107027317899264
1347552671947845635
1227454454905081856
314307224
1015573106230943744
1437736149464719366
770959712791597056
1540699006665252864
1274532888411660290
1330114582770307076
1034683102751162368
1526238370057568256
1008244517152047104
1052233534658625537
1198999942515191809
1420351112046026752
801128022438838272
1048138547301998592
1435468323064410115
1447921142900137985
954091276244197376
1260336731103977477
1169363148635172864
1056583976280707072
1227618775052120064
1217633680945860608
866174386528636928
1404755179547676674
1165737211565756416
1435505735773798405
1259753263110385664
49557464
47347913
1046751526239141888
1407603879026462722
951148006811693056
1165313833059045377
1350406285242494977
1046803796620279809
1533564143923785728
1112699085364957188
1329079638191063046
158715389
1074780731077910528
1248095100749545472
1569091301655871490
932979230232649729
822031932758237188
1561800601981296642
555308187
820162229370699778
1537378728270962688
1327198991059017733
1459850758128807937
952731405309550592
968171651253719040
1512084650411577352
851471160604729345
1580707223537582083
874464675013959681
147123130
953267643439435776
1224014454901239808
1249025573650722816
948454531809001472
2946318728
1329035796439986176
1467519717418348544
1080703978973712386
1443960019834183680
1160013945639358464
1442107752
2171428088
311265828
1208788282387001344
1534504877980020736
1556657092362383366
1260235504856911878
1474219844291948546
1328986413434507264
1054411054090833920
1271712552079122437
1109824708592046080
1154343300779802625
1068792227076292608
1005014669591961600
944987619753992193
1005470149661548544
1141206038164545536
254025274
750139927791214593
1344254339892748289
1080924135201615872
1482626930243665922
1567445520838447104
1244753021445255168
877205043396530177
4875795840
942424021387431936
909362299135127553
1106892318697615363
1321520118627643392
1133614442787115008
3527141772
1100694557853810688
1140982093435961344
941556432121425920
2790857523
1521684562123755523
1541978373576355841
953984566741446656
938718457733902336
949983184954957824
1264161232774283264
906707918459826177
1177580324932341760
960139280197693440
1541039586037870592
1093499536058679297
1541062934415060992
1533700903550976000
1207973130385231873
1510877766937460738
1092103446335868928
1538866810589573120
1307146221551628288
1112001400949497856
1494948195272646657
1578046589578661888
1409015887407980544
1003316095112044544
1318968891486265346
1245687383967711232
1546106632890765313
1262541831201423360
1543918230481543170
1545281597108207616
1545786803999100930
1157709507343998976
1552844214752333824